Accuracy: 0.48292682926829267
              precision    recall  f1-score   support

           0       0.37      0.37      0.37        93
           1       0.10      0.30      0.15        10
           2       0.64      0.45      0.53       136
           3       0.31      0.57      0.40        30
           4       0.37      0.58      0.45        31
           5       0.42      0.71      0.53         7
           6       0.78      0.55      0.65       131
           7       0.37      0.45      0.41        51
           8       0.51      0.56      0.53        36
           9       0.73      0.46      0.57       228
          10       0.15      0.80      0.25         5
          11       0.26      0.50      0.34        30
          12       0.04      0.17      0.06         6
          13       0.47      0.69      0.56        26

    accuracy                           0.48       820
   macro avg       0.39      0.51      0.41       820
weighted avg       0.58      0.48      0.51       820
