Accuracy: 0.45
             precision    recall  f1-score   support

          0       0.48      0.31      0.38       137
          1       0.17      0.32      0.22        19
          2       0.54      0.41      0.47       137
          3       0.34      0.39      0.36        46
          4       0.40      0.49      0.44        35
          5       0.40      0.50      0.44         8
          6       0.71      0.62      0.66       106
          7       0.40      0.46      0.43        57
          8       0.43      0.46      0.44        39
          9       0.57      0.52      0.54       141
         10       0.25      0.55      0.34        11
         11       0.28      0.51      0.36        37
         12       0.12      0.19      0.14        16
         13       0.36      0.45      0.40        31

avg / total       0.48      0.45      0.46       820
