Accuracy: 0.4609756097560976
             precision    recall  f1-score   support

          0       0.31      0.40      0.35        86
          1       0.09      0.18      0.12        11
          2       0.50      0.35      0.41       141
          3       0.42      0.57      0.48        35
          4       0.29      0.45      0.36        22
          5       0.18      0.50      0.27         4
          6       0.84      0.64      0.73       112
          7       0.42      0.45      0.44        49
          8       0.41      0.54      0.46        28
          9       0.71      0.46      0.56       246
         10       0.12      0.60      0.21         5
         11       0.25      0.38      0.30        39
         12       0.03      0.33      0.06         3
         13       0.45      0.49      0.47        39

avg / total       0.54      0.46      0.49       820
