Overall Accuracy: 0.4451219512195122
             precision    recall  f1-score   support

          0       0.43      0.32      0.36       135
          1       0.08      0.12      0.10        16
          2       0.58      0.45      0.51       142
          3       0.35      0.36      0.35        56
          4       0.47      0.43      0.45        44
          5       0.27      0.30      0.29        10
          6       0.69      0.66      0.68        89
          7       0.29      0.46      0.35        35
          8       0.40      0.43      0.41        44
          9       0.62      0.56      0.59       151
         10       0.17      0.40      0.24        10
         11       0.28      0.31      0.29        48
         12       0.04      0.06      0.04        18
         13       0.34      0.68      0.45        22

avg / total       0.48      0.45      0.45       820
