Overall Accuracy: 0.4853658536585366
             precision    recall  f1-score   support

          0       0.30      0.41      0.34        73
          1       0.08      0.40      0.13         5
          2       0.58      0.49      0.53       130
          3       0.37      0.45      0.40        47
          4       0.47      0.51      0.49        37
          5       0.18      0.29      0.22         7
          6       0.68      0.69      0.69        84
          7       0.46      0.54      0.50        48
          8       0.35      0.68      0.47        25
          9       0.84      0.41      0.55       278
         10       0.17      0.44      0.25         9
         11       0.26      0.61      0.36        23
         12       0.04      0.14      0.06         7
         13       0.59      0.55      0.57        47

avg / total       0.60      0.49      0.51       820
