Accuracy: 0.44878048780487806
              precision    recall  f1-score   support

           0       0.41      0.32      0.36       130
           1       0.08      0.10      0.09        21
           2       0.47      0.46      0.46       117
           3       0.33      0.37      0.35        49
           4       0.41      0.35      0.38        43
           5       0.55      0.67      0.60         9
           6       0.70      0.71      0.70        87
           7       0.32      0.65      0.43        34
           8       0.43      0.41      0.42        39
           9       0.65      0.51      0.57       182
          10       0.22      0.44      0.30         9
          11       0.30      0.29      0.30        51
          12       0.06      0.22      0.10         9
          13       0.45      0.45      0.45        40

    accuracy                           0.45       820
   macro avg       0.38      0.42      0.39       820
weighted avg       0.48      0.45      0.46       820
