Accuracy: 0.4792682926829268
              precision    recall  f1-score   support

           0       0.40      0.31      0.35       110
           1       0.07      0.29      0.12         7
           2       0.48      0.40      0.44       122
           3       0.37      0.51      0.43        37
           4       0.36      0.54      0.43        28
           5       0.11      0.33      0.17         3
           6       0.75      0.66      0.70       119
           7       0.37      0.58      0.45        43
           8       0.37      0.50      0.43        32
           9       0.83      0.49      0.62       241
          10       0.18      0.57      0.28         7
          11       0.20      0.41      0.27        29
          12       0.07      0.50      0.12         4
          13       0.49      0.45      0.47        38

    accuracy                           0.48       820
   macro avg       0.36      0.47      0.38       820
weighted avg       0.57      0.48      0.51       820
