Accuracy: 0.4792682926829268
              precision    recall  f1-score   support

           0       0.41      0.34      0.37       101
           1       0.14      0.36      0.21        11
           2       0.58      0.41      0.48       140
           3       0.28      0.45      0.34        33
           4       0.41      0.52      0.46        31
           5       0.22      0.67      0.33         3
           6       0.76      0.52      0.61       132
           7       0.41      0.58      0.48        45
           8       0.47      0.60      0.52        35
           9       0.71      0.48      0.57       210
          10       0.17      0.71      0.28         7
          11       0.35      0.75      0.48        28
          12       0.12      0.36      0.18        11
          13       0.42      0.58      0.49        33

    accuracy                           0.48       820
   macro avg       0.39      0.52      0.41       820
weighted avg       0.56      0.48      0.50       820
