Accuracy: 0.4634146341463415
              precision    recall  f1-score   support

           0       0.32      0.31      0.32       105
           1       0.12      0.25      0.17        12
           2       0.59      0.44      0.50       143
           3       0.30      0.32      0.31        44
           4       0.37      0.48      0.42        33
           5       0.23      0.75      0.35         4
           6       0.75      0.61      0.67       108
           7       0.38      0.46      0.42        56
           8       0.44      0.53      0.48        32
           9       0.71      0.47      0.57       220
          10       0.08      1.00      0.15         2
          11       0.25      0.52      0.33        25
          12       0.08      0.50      0.14         4
          13       0.45      0.56      0.50        32

    accuracy                           0.46       820
   macro avg       0.36      0.52      0.38       820
weighted avg       0.54      0.46      0.49       820
