Accuracy: 0.44878048780487806
              precision    recall  f1-score   support

           0       0.41      0.27      0.32       145
           1       0.29      0.23      0.25        31
           2       0.57      0.45      0.50       142
           3       0.37      0.50      0.43        46
           4       0.39      0.44      0.41        43
           5       0.18      0.29      0.22         7
           6       0.75      0.56      0.64       113
           7       0.49      0.57      0.53        49
           8       0.34      0.38      0.36        34
           9       0.53      0.55      0.54       130
          10       0.17      0.50      0.25        10
          11       0.27      0.48      0.35        33
          12       0.10      0.43      0.16         7
          13       0.47      0.47      0.47        30

    accuracy                           0.45       820
   macro avg       0.38      0.44      0.39       820
weighted avg       0.49      0.45      0.46       820
