Accuracy: 0.45365853658536587
              precision    recall  f1-score   support

           0       0.35      0.27      0.31       103
           1       0.06      0.40      0.11         5
           2       0.53      0.45      0.48       132
           3       0.38      0.54      0.45        35
           4       0.27      0.46      0.34        28
           5       0.22      0.33      0.27         6
           6       0.77      0.55      0.64       127
           7       0.32      0.62      0.42        39
           8       0.45      0.57      0.51        35
           9       0.73      0.42      0.53       228
          10       0.11      0.60      0.19         5
          11       0.30      0.52      0.38        33
          12       0.12      0.57      0.20         7
          13       0.45      0.41      0.43        37

    accuracy                           0.45       820
   macro avg       0.36      0.48      0.38       820
weighted avg       0.55      0.45      0.48       820
