Accuracy: 0.44878048780487806
              precision    recall  f1-score   support

           0       0.52      0.31      0.39       149
           1       0.14      0.25      0.18        16
           2       0.57      0.44      0.50       136
           3       0.27      0.32      0.29        41
           4       0.33      0.49      0.40        37
           5       0.20      0.29      0.24         7
           6       0.70      0.51      0.59       121
           7       0.44      0.45      0.44        58
           8       0.36      0.68      0.47        28
           9       0.57      0.54      0.56       154
          10       0.18      0.60      0.27         5
          11       0.27      0.52      0.35        31
          12       0.05      0.06      0.05        18
          13       0.37      0.79      0.50        19

    accuracy                           0.45       820
   macro avg       0.35      0.44      0.37       820
weighted avg       0.50      0.45      0.46       820
