Accuracy: 0.48292682926829267
              precision    recall  f1-score   support

           0       0.40      0.39      0.40       102
           1       0.08      0.22      0.11         9
           2       0.56      0.40      0.47       137
           3       0.29      0.41      0.34        37
           4       0.44      0.70      0.54        30
           5       0.12      1.00      0.21         2
           6       0.77      0.61      0.68       119
           7       0.37      0.53      0.44        36
           8       0.53      0.58      0.55        36
           9       0.73      0.47      0.57       210
          10       0.21      0.78      0.33         9
          11       0.31      0.54      0.40        39
          12       0.11      0.30      0.16        10
          13       0.59      0.45      0.51        44

    accuracy                           0.48       820
   macro avg       0.39      0.53      0.41       820
weighted avg       0.56      0.48      0.50       820
