Accuracy: 0.4902439024390244
              precision    recall  f1-score   support

           0       0.34      0.40      0.37        82
           1       0.04      0.09      0.05        11
           2       0.57      0.46      0.51       134
           3       0.41      0.40      0.40        55
           4       0.39      0.54      0.45        35
           5       0.40      0.57      0.47         7
           6       0.73      0.66      0.70       104
           7       0.47      0.44      0.46        54
           8       0.37      0.42      0.39        31
           9       0.79      0.51      0.62       214
          10       0.27      0.75      0.40         8
          11       0.23      0.38      0.29        37
          12       0.13      0.44      0.20         9
          13       0.50      0.54      0.52        39

    accuracy                           0.49       820
   macro avg       0.40      0.47      0.42       820
weighted avg       0.56      0.49      0.51       820
