Accuracy: 0.4560975609756098
              precision    recall  f1-score   support

           0       0.43      0.28      0.33       134
           1       0.12      0.13      0.12        23
           2       0.50      0.45      0.48       124
           3       0.37      0.33      0.35        49
           4       0.51      0.45      0.48        42
           5       0.47      0.78      0.58         9
           6       0.71      0.67      0.69        90
           7       0.37      0.72      0.48        32
           8       0.36      0.40      0.38        35
           9       0.66      0.52      0.58       197
          10       0.15      0.29      0.20        14
          11       0.23      0.48      0.31        29
          12       0.06      0.15      0.09        13
          13       0.39      0.55      0.46        29

    accuracy                           0.46       820
   macro avg       0.38      0.44      0.40       820
weighted avg       0.49      0.46      0.46       820
