Accuracy: 0.43414634146341463
              precision    recall  f1-score   support

           0       0.40      0.29      0.34       130
           1       0.08      0.08      0.08        24
           2       0.53      0.44      0.48       122
           3       0.29      0.41      0.34        37
           4       0.36      0.35      0.35        43
           5       0.15      0.20      0.17        10
           6       0.67      0.63      0.65        89
           7       0.36      0.67      0.47        36
           8       0.41      0.32      0.36        44
           9       0.66      0.50      0.57       183
          10       0.21      0.56      0.30         9
          11       0.31      0.51      0.39        43
          12       0.03      0.11      0.04         9
          13       0.44      0.41      0.43        41

    accuracy                           0.43       820
   macro avg       0.35      0.39      0.36       820
weighted avg       0.48      0.43      0.45       820
