Accuracy: 0.4817073170731707
              precision    recall  f1-score   support

           0       0.26      0.35      0.30        66
           1       0.20      0.36      0.26        14
           2       0.59      0.47      0.52       141
           3       0.30      0.46      0.37        28
           4       0.54      0.59      0.56        34
           5       0.33      0.83      0.48         6
           6       0.72      0.53      0.61       115
           7       0.41      0.60      0.49        43
           8       0.41      0.52      0.46        31
           9       0.76      0.46      0.58       259
          10       0.12      0.60      0.19         5
          11       0.27      0.53      0.36        30
          12       0.03      0.14      0.05         7
          13       0.49      0.49      0.49        41

    accuracy                           0.48       820
   macro avg       0.39      0.50      0.41       820
weighted avg       0.58      0.48      0.51       820
