Accuracy: 0.4853658536585366
              precision    recall  f1-score   support

           0       0.31      0.37      0.34        83
           1       0.08      0.10      0.09        21
           2       0.63      0.46      0.53       124
           3       0.34      0.39      0.36        44
           4       0.28      0.50      0.36        22
           5       0.25      0.75      0.38         4
           6       0.76      0.61      0.68       115
           7       0.47      0.57      0.52        54
           8       0.47      0.67      0.55        30
           9       0.70      0.47      0.56       221
          10       0.25      0.88      0.39         8
          11       0.32      0.53      0.40        36
          12       0.11      0.38      0.17         8
          13       0.61      0.46      0.52        50

    accuracy                           0.49       820
   macro avg       0.40      0.51      0.42       820
weighted avg       0.55      0.49      0.50       820
