Accuracy: 0.4573170731707317
              precision    recall  f1-score   support

           0       0.36      0.38      0.37        95
           1       0.08      0.20      0.11        10
           2       0.54      0.39      0.45       136
           3       0.29      0.42      0.34        36
           4       0.40      0.70      0.51        27
           5       0.12      1.00      0.21         2
           6       0.72      0.60      0.65       112
           7       0.43      0.46      0.44        48
           8       0.53      0.64      0.58        33
           9       0.71      0.43      0.53       222
          10       0.09      0.50      0.15         6
          11       0.27      0.46      0.34        39
          12       0.14      0.40      0.21        10
          13       0.53      0.41      0.46        44

    accuracy                           0.46       820
   macro avg       0.37      0.50      0.38       820
weighted avg       0.54      0.46      0.48       820
