Accuracy: 0.4451219512195122
             precision    recall  f1-score   support

          0       0.49      0.31      0.38       141
          1       0.10      0.18      0.13        17
          2       0.55      0.44      0.49       132
          3       0.22      0.28      0.25        39
          4       0.31      0.47      0.38        36
          5       0.10      0.17      0.12         6
          6       0.72      0.53      0.61       120
          7       0.44      0.47      0.46        55
          8       0.38      0.77      0.51        26
          9       0.58      0.53      0.55       159
         10       0.18      0.60      0.27         5
         11       0.27      0.52      0.35        31
         12       0.05      0.06      0.05        18
         13       0.44      0.51      0.47        35

avg / total       0.49      0.45      0.46       820
