Accuracy: 0.1858974358974359
              precision    recall  f1-score   support

           0       0.00      0.00      0.00        13
           1       0.17      0.15      0.16        13
           2       0.00      0.00      0.00        10
           3       0.22      0.18      0.20        11
           4       0.08      0.14      0.10         7
           5       0.67      0.57      0.62        14
           6       0.21      0.27      0.24        11
           7       0.18      0.12      0.14        17
           8       0.23      0.33      0.27         9
           9       0.14      0.05      0.07        20
          10       0.20      0.22      0.21         9
          11       0.08      0.20      0.12         5
          12       0.00      0.00      0.00         4
          13       0.50      0.31      0.38        13

    accuracy                           0.19       156
   macro avg       0.19      0.18      0.18       156
weighted avg       0.22      0.19      0.19       156
