Accuracy: 0.16025641025641027
              precision    recall  f1-score   support

           0       0.08      0.03      0.04        37
           1       0.00      0.00      0.00        13
           2       0.12      0.12      0.12        16
           3       0.12      0.06      0.08        16
           4       0.09      0.25      0.13         4
           5       0.69      0.60      0.64        15
           6       0.29      0.36      0.32        11
           7       0.07      0.25      0.11         4
           8       0.00      0.00      0.00         7
           9       0.10      0.09      0.10        11
          10       0.18      0.25      0.21         8
          11       0.00      0.00      0.00         4
          12       0.00      0.00      0.00         5
          13       0.27      0.60      0.37         5

    accuracy                           0.16       156
   macro avg       0.14      0.19      0.15       156
weighted avg       0.16      0.16      0.15       156
