Overall Accuracy: 0.45975609756097563
             precision    recall  f1-score   support

          0       0.32      0.48      0.38        88
          1       0.19      0.15      0.17        27
          2       0.39      0.48      0.43        93
          3       0.36      0.34      0.35        50
          4       0.62      0.36      0.46        55
          5       0.67      0.53      0.59        15
          6       0.63      0.74      0.68        89
          7       0.64      0.43      0.52        67
          8       0.37      0.35      0.36        40
          9       0.50      0.66      0.57       134
         10       0.39      0.24      0.30        29
         11       0.49      0.33      0.40        63
         12       0.08      0.04      0.05        26
         13       0.67      0.32      0.43        44

avg / total       0.47      0.46      0.45       820
