Overall Accuracy: 0.47073170731707314
             precision    recall  f1-score   support

          0       0.33      0.47      0.39        88
          1       0.18      0.07      0.11        27
          2       0.41      0.49      0.45        93
          3       0.45      0.30      0.36        50
          4       0.65      0.36      0.47        55
          5       0.50      0.27      0.35        15
          6       0.66      0.75      0.71        89
          7       0.71      0.51      0.59        67
          8       0.45      0.23      0.30        40
          9       0.41      0.83      0.55       134
         10       0.83      0.17      0.29        29
         11       0.43      0.16      0.23        63
         12       0.50      0.12      0.19        26
         13       0.73      0.43      0.54        44

avg / total       0.50      0.47      0.45       820
