Accuracy: 0.4585365853658537
              precision    recall  f1-score   support

           0       0.31      0.33      0.32        81
           1       0.16      0.36      0.22        11
           2       0.52      0.43      0.47       135
           3       0.33      0.39      0.35        36
           4       0.54      0.49      0.51        41
           5       0.27      0.57      0.36         7
           6       0.72      0.52      0.60       118
           7       0.37      0.53      0.43        43
           8       0.46      0.55      0.50        33
           9       0.68      0.47      0.55       229
          10       0.12      0.75      0.20         4
          11       0.25      0.43      0.32        35
          12       0.06      0.25      0.10         8
          13       0.49      0.51      0.50        39

    accuracy                           0.46       820
   macro avg       0.38      0.47      0.39       820
weighted avg       0.53      0.46      0.48       820
