Accuracy: 0.4865853658536585
             precision    recall  f1-score   support

          0       0.29      0.37      0.32        76
          1       0.11      0.27      0.16        11
          2       0.61      0.48      0.53       138
          3       0.41      0.41      0.41        54
          4       0.37      0.55      0.44        33
          5       0.30      0.60      0.40         5
          6       0.72      0.60      0.66       113
          7       0.47      0.55      0.51        44
          8       0.40      0.56      0.47        25
          9       0.78      0.51      0.62       215
         10       0.27      0.67      0.39         9
         11       0.22      0.35      0.27        37
         12       0.13      0.36      0.19        11
         13       0.50      0.43      0.46        49

avg / total       0.56      0.49      0.51       820
