Accuracy: 0.44634146341463415
              precision    recall  f1-score   support

           0       0.46      0.33      0.39       135
           1       0.12      0.12      0.12        24
           2       0.52      0.39      0.45       136
           3       0.35      0.49      0.41        37
           4       0.41      0.50      0.45        40
           5       0.29      0.71      0.42         7
           6       0.77      0.60      0.67       100
           7       0.43      0.52      0.47        50
           8       0.47      0.40      0.43        43
           9       0.52      0.54      0.53       149
          10       0.20      0.42      0.27        12
          11       0.29      0.42      0.34        38
          12       0.07      0.14      0.10        14
          13       0.37      0.46      0.41        35

    accuracy                           0.45       820
   macro avg       0.38      0.43      0.39       820
weighted avg       0.48      0.45      0.45       820
