Accuracy: 0.46463414634146344
             precision    recall  f1-score   support

          0       0.35      0.35      0.35        95
          1       0.12      0.38      0.19         8
          2       0.56      0.45      0.50       129
          3       0.41      0.45      0.43        42
          4       0.27      0.48      0.35        29
          5       0.17      0.50      0.25         4
          6       0.79      0.56      0.66       119
          7       0.41      0.48      0.44        52
          8       0.35      0.68      0.46        25
          9       0.74      0.44      0.55       232
         10       0.04      0.50      0.08         2
         11       0.32      0.49      0.38        39
         12       0.14      0.36      0.21        11
         13       0.38      0.52      0.44        33

avg / total       0.56      0.46      0.49       820
