Accuracy: 0.4841463414634146
              precision    recall  f1-score   support

           0       0.37      0.38      0.38        91
           1       0.12      0.38      0.19         8
           2       0.56      0.47      0.51       124
           3       0.35      0.38      0.36        42
           4       0.31      0.55      0.40        29
           5       0.25      0.43      0.32         7
           6       0.78      0.58      0.66       114
           7       0.57      0.56      0.57        62
           8       0.33      0.70      0.44        23
           9       0.73      0.46      0.56       218
          10       0.08      0.67      0.15         3
          11       0.37      0.47      0.41        47
          12       0.14      0.31      0.20        13
          13       0.47      0.54      0.50        39

    accuracy                           0.48       820
   macro avg       0.39      0.49      0.40       820
weighted avg       0.56      0.48      0.50       820
