Accuracy: 0.4402439024390244
              precision    recall  f1-score   support

           0       0.44      0.25      0.32       150
           1       0.16      0.17      0.17        23
           2       0.57      0.47      0.52       133
           3       0.23      0.27      0.25        37
           4       0.57      0.46      0.51        46
           5       0.40      0.86      0.55         7
           6       0.73      0.52      0.61       119
           7       0.40      0.50      0.44        50
           8       0.41      0.39      0.40        41
           9       0.50      0.61      0.55       127
          10       0.19      0.45      0.27        11
          11       0.28      0.42      0.34        40
          12       0.06      0.14      0.09        14
          13       0.34      0.64      0.44        22

    accuracy                           0.44       820
   macro avg       0.38      0.44      0.39       820
weighted avg       0.48      0.44      0.45       820
